[[0,12,10,6,6,12,11,11,0,15],[12,0,15,9,8,15,9,11,11,8],[10,15,0,8,0,11,7,8,0,15],[6,9,8,0,7,15,0,0,8,7],[6,8,0,7,0,15,13,15,13,13],[12,15,11,15,15,0,15,11,0,0],[11,9,7,0,13,15,0,14,13,8],[11,11,8,0,15,11,14,0,7,11],[0,11,0,8,13,0,13,7,0,10],[15,8,15,7,13,0,8,11,10,0]]